-0.27 0.59 
-0.27 0.62 
-0.1 0.47 
-0.28 0.45 
-0.18 0.4 
-0.21 0.5 
-0.17 0.86 
-0.17 0.6 
-0.23 0.42 
-0.1 0.44 
-0.18 0.63 
-0.16 0.52 
-0.24 0.41 
-0.29 0.71 
-0.12 0.49 
-0.13 0.66 
-0.14 0.44 
-0.17 0.63 
-0.29 0.82 
-0.17 0.46 
-0.26 0.56 
-0.25 0.78 
-0.26 0.51 
-0.12 0.77 
-0.16 0.55 
-0.13 0.52 
-0.17 0.78 
-0.17 0.85 
-0.26 0.46 
-0.13 0.8 
-0.2 0.89 
-0.17 0.59 
-0.28 0.5 
-0.19 0.75 
-0.11 0.47 
-0.26 0.5 
-0.11 0.51 
-0.19 0.47 
-0.22 0.6 
-0.23 0.52 
-0.27 0.79 
-0.11 0.44 
-0.13 0.47 
-0.26 0.58 
-0.26 0.63 
-0.12 0.5 
-0.3 0.48 
-0.23 0.72 
-0.3 0.42 
-0.23 0.7 
-0.23 0.47 
-0.24 0.43 
-0.12 0.64 
-0.27 0.81 
-0.21 0.84 
-0.22 0.67 
-0.22 0.48 
-0.22 0.9 
-0.11 0.47 
-0.18 0.88 
-0.12 0.72 
-0.21 0.47 
-0.2 0.88 
-0.28 0.82 
-0.13 0.55 
-0.28 0.81 
-0.18 0.75 
-0.17 0.63 
-0.26 0.45 
-0.22 0.7 
-0.19 0.76 
-0.2 0.48 
-0.14 0.47 
-0.1 0.89 
-0.22 0.68 
-0.1 0.55 
-0.18 0.44 
-0.2 0.77 
-0.28 0.85 
-0.29 0.72 
-0.18 0.58 
-0.22 0.44 
-0.29 0.44 
-0.17 0.73 
-0.12 0.87 
-0.17 0.59 
-0.2 0.68 
-0.16 0.68 
-0.19 0.65 
-0.3 0.89 
-0.22 0.45 
-0.29 0.54 
-0.2 0.61 
-0.23 0.8 
-0.29 0.84 
-0.2 0.65 
-0.2 0.87 
-0.15 0.48 
-0.16 0.53 
-0.27 0.82 
-0.2 0.55 
-0.29 0.81 
-0.14 0.86 
-0.23 0.56 
-0.25 0.43 
-0.18 0.84 
-0.23 0.85 
-0.25 0.82 
-0.24 0.57 
-0.24 0.48 
-0.26 0.59 
-0.29 0.7 
-0.15 0.59 
-0.19 0.73 
-0.23 0.5 
-0.24 0.88 
-0.11 0.72 
-0.22 0.45 
-0.24 0.73 
-0.2 0.42 
-0.16 0.43 
-0.12 0.57 
-0.23 0.86 
-0.22 0.44 
-0.13 0.47 
-0.19 0.74 
-0.13 0.48 
-0.25 0.73 
-0.21 0.56 
-0.18 0.73 
-0.27 0.76 
-0.21 0.86 
-0.17 0.66 
-0.11 0.59 
-0.27 0.77 
-0.1 0.65 
-0.24 0.73 
-0.12 0.43 
-0.17 0.56 
-0.17 0.56 
-0.14 0.85 
-0.11 0.54 
-0.18 0.46 
-0.25 0.65 
-0.25 0.54 
-0.2 0.67 
-0.19 0.53 
-0.15 0.68 
-0.26 0.82 
-0.17 0.8 
-0.23 0.63 
-0.27 0.67 
-0.22 0.61 
-0.18 0.68 
-0.19 0.89 
-0.25 0.64 
-0.28 0.54 
-0.28 0.84 
-0.15 0.85 
-0.26 0.77 
-0.23 0.85 
-0.15 0.67 
-0.23 0.44 
-0.22 0.87 
-0.23 0.47 
-0.27 0.54 
-0.15 0.85 
-0.3 0.42 
-0.11 0.61 
-0.11 0.58 
-0.19 0.76 
-0.12 0.54 
-0.28 0.7 
-0.22 0.83 
-0.11 0.53 
-0.18 0.46 
-0.22 0.75 
-0.12 0.85 
-0.18 0.42 
-0.13 0.86 
-0.11 0.51 
-0.15 0.88 
-0.18 0.52 
-0.12 0.76 
-0.22 0.86 
-0.27 0.62 
-0.28 0.84 
-0.23 0.41 
-0.17 0.77 
-0.25 0.6 
-0.27 0.58 
-0.27 0.82 
-0.11 0.89 
-0.19 0.86 
-0.13 0.5 
-0.15 0.55 
-0.16 0.66 
-0.16 0.61 
-0.14 0.82 
-0.29 0.77 
-0.26 0.67 
-0.23 0.81 
-0.19 0.72 
-0.16 0.76 
-0.12 0.69 
-0.12 0.65 
-0.14 0.68 
-0.18 0.86 
-0.14 0.6 
-0.3 0.82 
-0.29 0.8 
-0.21 0.43 
-0.14 0.46 
-0.11 0.65 
-0.12 0.89 
-0.19 0.87 
-0.14 0.44 
-0.17 0.81 
-0.28 0.41 
-0.28 0.72 
-0.13 0.64 
-0.15 0.65 
-0.24 0.89 
-0.14 0.46 
-0.21 0.45 
-0.28 0.78 
-0.23 0.71 
-0.2 0.72 
-0.25 0.65 
-0.22 0.57 
-0.16 0.87 
-0.24 0.84 
-0.1 0.7 
-0.17 0.63 
-0.23 0.81 
-0.19 0.44 
-0.1 0.54 
-0.16 0.54 
-0.11 0.78 
-0.29 0.72 
-0.25 0.8 
-0.2 0.9 
-0.25 0.55 
-0.11 0.77 
-0.27 0.65 
-0.2 0.69 
-0.21 0.7 
-0.24 0.8 
-0.16 0.64 
-0.24 0.8 
-0.17 0.78 
-0.21 0.51 
-0.3 0.52 
-0.26 0.73 
-0.14 0.75 
-0.23 0.45 
-0.16 0.52 
-0.2 0.45 
-0.29 0.71 
-0.27 0.41 
-0.27 0.51 
-0.18 0.42 
-0.26 0.55 
-0.1 0.5 
-0.18 0.57 
-0.29 0.6 
-0.2 0.51 
-0.2 0.52 
-0.2 0.73 
-0.19 0.82 
-0.13 0.82 
-0.27 0.8 
-0.26 0.48 
-0.27 0.46 
-0.13 0.79 
-0.24 0.8 
-0.18 0.7 
-0.18 0.56 
-0.14 0.84 
-0.17 0.7 
-0.1 0.41 
-0.2 0.71 
-0.22 0.87 
-0.1 0.46 
-0.1 0.58 
-0.12 0.64 
-0.14 0.65 
-0.24 0.55 
-0.17 0.63 
-0.13 0.51 
-0.27 0.72 
-0.24 0.83 
-0.22 0.5 
-0.16 0.86 
-0.29 0.84 
-0.2 0.41 
-0.25 0.73 
-0.21 0.9 
-0.19 0.82 
-0.11 0.56 
-0.26 0.4 
-0.13 0.62 
-0.17 0.67 
-0.13 0.64 
-0.11 0.45 
-0.16 0.51 
-0.28 0.5 
-0.16 0.46 
-0.16 0.9 
-0.1 0.53 
-0.28 0.53 
-0.21 0.66 
-0.27 0.74 
-0.3 0.76 
-0.25 0.71 
-0.19 0.5 
-0.19 0.69 
-0.14 0.46 
-0.25 0.49 
-0.23 0.78 
-0.12 0.63 
-0.14 0.83 
-0.26 0.88 
-0.11 0.63 
-0.16 0.67 
-0.17 0.58 
-0.14 0.77 
-0.26 0.83 
-0.27 0.47 
-0.24 0.48 
-0.12 0.72 
-0.27 0.61 
-0.23 0.86 
-0.16 0.78 
-0.13 0.71 
-0.25 0.67 
-0.3 0.43 
-0.3 0.73 
-0.16 0.73 
-0.25 0.74 
-0.22 0.88 
-0.23 0.74 
-0.28 0.69 
-0.17 0.45 
-0.14 0.5 
-0.15 0.65 
-0.17 0.46 
-0.24 0.77 
-0.21 0.49 
-0.25 0.59 
-0.19 0.62 
-0.27 0.79 
-0.24 0.53 
-0.28 0.64 
-0.18 0.45 
-0.12 0.43 
-0.21 0.69 
-0.25 0.44 
-0.24 0.59 
-0.14 0.89 
-0.25 0.43 
-0.15 0.42 
-0.28 0.7 
-0.15 0.55 
-0.17 0.57 
-0.11 0.55 
-0.21 0.52 
-0.19 0.42 
-0.19 0.62 
-0.3 0.77 
-0.18 0.53 
-0.12 0.58 
-0.29 0.63 
-0.23 0.68 
-0.29 0.42 
-0.19 0.81 
-0.14 0.71 
-0.24 0.73 
-0.14 0.55 
-0.25 0.58 
-0.1 0.64 
-0.17 0.71 
-0.22 0.42 
-0.11 0.85 
-0.27 0.83 
-0.25 0.76 
-0.23 0.69 
-0.23 0.73 
-0.23 0.54 
-0.21 0.58 
-0.16 0.56 
-0.17 0.76 
-0.26 0.81 
-0.15 0.75 
-0.29 0.78 
-0.27 0.6 
-0.24 0.89 
-0.28 0.85 
-0.16 0.46 
-0.18 0.65 
-0.27 0.51 
-0.23 0.77 
-0.3 0.75 
-0.14 0.71 
-0.17 0.47 
-0.18 0.46 
-0.16 0.49 
-0.29 0.75 
-0.22 0.65 
-0.21 0.41 
-0.19 0.77 
-0.27 0.76 
-0.23 0.4 
-0.15 0.55 
-0.25 0.61 
-0.19 0.74 
-0.18 0.48 
-0.2 0.66 
-0.27 0.86 
-0.25 0.69 
-0.19 0.9 
-0.12 0.84 
-0.26 0.64 
-0.22 0.76 
-0.24 0.68 
-0.23 0.81 
-0.14 0.69 
-0.12 0.52 
-0.24 0.49 
-0.13 0.81 
-0.11 0.46 
-0.19 0.41 
-0.12 0.69 
-0.15 0.51 
-0.26 0.82 
-0.27 0.74 
-0.16 0.88 
-0.2 0.44 
-0.18 0.49 
-0.26 0.5 
-0.18 0.63 
-0.27 0.53 
-0.15 0.71 
-0.2 0.52 
-0.18 0.5 
-0.11 0.52 
-0.18 0.53 
-0.24 0.61 
-0.21 0.83 
-0.15 0.57 
-0.18 0.75 
-0.21 0.83 
-0.28 0.41 
-0.23 0.65 
-0.15 0.7 
-0.23 0.73 
-0.24 0.76 
-0.19 0.48 
-0.24 0.52 
-0.11 0.87 
-0.12 0.51 
-0.29 0.65 
-0.15 0.43 
-0.13 0.52 
-0.27 0.86 
-0.15 0.5 
-0.25 0.66 
-0.25 0.42 
-0.26 0.55 
-0.3 0.73 
-0.27 0.58 
-0.16 0.82 
-0.21 0.56 
-0.18 0.62 
-0.16 0.72 
-0.22 0.79 
-0.13 0.41 
-0.19 0.54 
-0.29 0.6 
-0.13 0.77 
-0.22 0.54 
-0.21 0.44 
-0.22 0.65 
-0.25 0.68 
-0.25 0.41 
-0.16 0.41 
-0.13 0.41 
-0.17 0.64 
-0.28 0.44 
-0.13 0.82 
-0.15 0.79 
-0.21 0.48 
-0.16 0.6 
-0.16 0.53 
-0.13 0.74 
-0.26 0.74 
-0.18 0.47 
-0.14 0.77 
-0.13 0.42 
-0.26 0.73 
-0.15 0.63 
-0.2 0.47 
-0.22 0.42 
-0.12 0.61 
-0.26 0.68 
-0.19 0.69 
-0.23 0.56 
-0.1 0.7 
-0.15 0.43 
-0.19 0.75 
-0.17 0.73 
-0.12 0.71 
-0.14 0.6 
-0.27 0.81 
-0.15 0.7 
-0.16 0.67 
-0.22 0.56 
-0.21 0.89 
-0.2 0.47 
-0.19 0.88 
-0.14 0.44 
-0.24 0.83 
-0.19 0.76 
-0.27 0.58 
-0.12 0.55 
-0.21 0.85 
-0.24 0.88 
-0.11 0.79 
-0.14 0.83 
-0.13 0.6 
-0.28 0.4 
-0.28 0.52 
-0.13 0.46 
-0.28 0.48 
-0.3 0.57 
-0.16 0.9 
-0.24 0.51 
-0.24 0.81 
-0.12 0.87 
-0.19 0.72 
-0.13 0.44 
-0.19 0.43 
-0.2 0.62 
-0.13 0.42 
-0.28 0.59 
-0.27 0.87 
-0.2 0.79 
-0.28 0.76 
-0.16 0.6 
-0.26 0.51 
-0.25 0.87 
-0.18 0.87 
-0.24 0.51 
-0.25 0.61 
-0.25 0.83 
-0.14 0.44 
-0.21 0.75 
-0.22 0.75 
-0.29 0.6 
-0.14 0.81 
-0.19 0.62 
-0.17 0.51 
-0.29 0.5 
-0.13 0.75 
-0.21 0.48 
-0.17 0.84 
-0.12 0.66 
-0.27 0.77 
-0.19 0.61 
-0.25 0.57 
-0.26 0.59 
-0.24 0.72 
-0.29 0.54 
-0.12 0.66 
-0.23 0.87 
-0.29 0.8 
-0.29 0.55 
-0.11 0.72 
-0.17 0.83 
-0.11 0.63 
-0.16 0.77 
-0.15 0.55 
-0.22 0.74 
-0.27 0.63 
-0.2 0.6 
-0.22 0.43 
-0.13 0.49 
-0.17 0.71 
-0.24 0.79 
-0.3 0.65 
-0.15 0.71 
-0.28 0.71 
-0.25 0.52 
-0.15 0.62 
-0.27 0.83 
-0.16 0.75 
-0.2 0.81 
-0.11 0.87 
-0.23 0.81 
-0.27 0.71 
-0.13 0.44 
-0.2 0.59 
-0.24 0.74 
-0.18 0.67 
-0.3 0.56 
-0.11 0.61 
-0.14 0.78 
-0.22 0.46 
-0.15 0.77 
-0.22 0.59 
-0.17 0.47 
-0.22 0.42 
-0.15 0.49 
-0.22 0.79 
-0.16 0.55 
-0.29 0.51 
-0.29 0.55 
-0.12 0.61 
-0.13 0.82 
-0.23 0.69 
-0.28 0.7 
-0.22 0.52 
-0.16 0.49 
-0.12 0.41 
-0.25 0.74 
-0.17 0.61 
-0.27 0.7 
-0.26 0.68 
-0.25 0.89 
-0.1 0.83 
-0.11 0.8 
-0.13 0.71 
-0.22 0.81 
-0.19 0.77 
-0.27 0.49 
-0.22 0.79 
-0.21 0.54 
-0.22 0.43 
-0.18 0.47 
-0.21 0.87 
-0.17 0.8 
-0.25 0.62 
-0.27 0.68 
-0.2 0.6 
-0.11 0.43 
-0.16 0.54 
-0.23 0.71 
-0.27 0.68 
-0.21 0.84 
-0.26 0.5 
-0.13 0.69 
-0.2 0.41 
-0.3 0.85 
-0.25 0.42 
-0.24 0.82 
-0.23 0.46 
-0.18 0.7 
-0.13 0.47 
-0.17 0.84 
-0.21 0.49 
-0.2 0.48 
-0.12 0.42 
-0.21 0.72 
-0.12 0.48 
-0.29 0.83 
-0.18 0.76 
-0.28 0.56 
-0.15 0.5 
-0.21 0.78 
-0.26 0.75 
-0.18 0.82 
-0.19 0.64 
-0.21 0.6 
-0.18 0.53 
-0.27 0.44 
-0.29 0.64 
-0.14 0.44 
-0.23 0.77 
-0.24 0.49 
-0.22 0.62 
-0.12 0.48 
-0.2 0.61 
-0.23 0.42 
-0.3 0.74 
-0.15 0.57 
-0.29 0.86 
-0.19 0.41 
-0.15 0.82 
-0.16 0.55 
-0.11 0.65 
-0.17 0.67 
-0.22 0.68 
-0.19 0.89 
-0.29 0.81 
-0.11 0.5 
-0.14 0.69 
-0.22 0.51 
-0.18 0.68 
-0.19 0.65 
-0.24 0.67 
-0.16 0.68 
-0.21 0.55 
-0.3 0.74 
-0.18 0.53 
-0.18 0.6 
-0.13 0.42 
-0.29 0.64 
-0.18 0.69 
-0.26 0.58 
-0.19 0.4 
-0.22 0.81 
-0.21 0.5 
-0.13 0.85 
-0.11 0.72 
-0.17 0.62 
-0.13 0.66 
-0.22 0.44 
-0.22 0.56 
-0.13 0.8 
-0.2 0.77 
-0.28 0.78 
-0.15 0.65 
-0.12 0.77 
-0.22 0.75 
-0.16 0.62 
-0.26 0.52 
-0.21 0.5 
-0.16 0.68 
-0.27 0.75 
-0.22 0.66 
-0.21 0.67 
-0.11 0.83 
-0.18 0.66 
-0.14 0.43 
-0.15 0.44 
-0.15 0.78 
-0.22 0.83 
-0.27 0.44 
-0.18 0.59 
-0.18 0.77 
-0.21 0.73 
-0.22 0.66 
-0.12 0.67 
-0.24 0.55 
-0.29 0.6 
-0.2 0.55 
-0.28 0.64 
-0.18 0.7 
-0.25 0.68 
-0.21 0.57 
-0.21 0.67 
-0.26 0.5 
-0.28 0.51 
-0.22 0.41 
-0.24 0.88 
-0.11 0.46 
-0.26 0.84 
-0.23 0.89 
-0.11 0.89 
-0.13 0.42 
-0.15 0.57 
-0.26 0.88 
-0.29 0.85 
-0.27 0.62 
-0.27 0.62 
-0.28 0.66 
-0.24 0.43 
-0.26 0.83 
-0.27 0.49 
-0.2 0.67 
-0.26 0.61 
-0.12 0.44 
-0.28 0.73 
-0.28 0.49 
-0.19 0.41 
-0.14 0.83 
-0.12 0.73 
-0.21 0.88 
-0.29 0.54 
-0.2 0.72 
-0.22 0.75 
-0.27 0.56 
-0.12 0.44 
-0.12 0.46 
-0.22 0.64 
-0.16 0.7 
-0.13 0.84 
-0.14 0.67 
-0.29 0.86 
-0.18 0.84 
-0.25 0.75 
-0.24 0.65 
-0.23 0.58 
-0.11 0.86 
-0.11 0.84 
-0.12 0.41 
-0.2 0.75 
-0.22 0.61 
-0.2 0.45 
-0.29 0.7 
-0.23 0.5 
-0.27 0.55 
-0.26 0.52 
-0.15 0.74 
-0.26 0.49 
-0.1 0.76 
-0.12 0.72 
-0.26 0.43 
-0.11 0.58 
-0.21 0.63 
-0.27 0.73 
-0.14 0.66 
-0.24 0.48 
-0.26 0.49 
-0.16 0.78 
-0.3 0.54 
-0.12 0.85 
-0.21 0.55 
-0.22 0.43 
-0.15 0.41 
-0.12 0.61 
-0.23 0.41 
-0.2 0.76 
-0.16 0.64 
-0.27 0.67 
-0.2 0.88 
-0.23 0.79 
-0.14 0.85 
-0.2 0.41 
-0.15 0.5 
-0.19 0.6 
-0.13 0.66 
-0.24 0.6 
-0.12 0.53 
-0.14 0.8 
-0.21 0.56 
-0.29 0.61 
-0.25 0.61 
-0.21 0.69 
-0.19 0.48 
-0.11 0.87 
-0.17 0.45 
-0.18 0.62 
-0.14 0.76 
-0.25 0.83 
-0.21 0.55 
-0.12 0.69 
-0.26 0.69 
-0.24 0.82 
-0.14 0.71 
-0.15 0.71 
-0.22 0.63 
-0.18 0.79 
-0.17 0.44 
-0.13 0.86 
-0.16 0.64 
-0.12 0.7 
-0.22 0.75 
-0.21 0.74 
-0.17 0.75 
-0.14 0.8 
-0.17 0.54 
-0.11 0.64 
-0.3 0.6 
-0.17 0.8 
-0.2 0.47 
-0.25 0.46 
-0.27 0.9 
-0.26 0.72 
-0.29 0.5 
-0.26 0.43 
-0.19 0.54 
-0.22 0.7 
-0.2 0.89 
-0.11 0.61 
-0.2 0.65 
-0.11 0.83 
-0.11 0.67 
-0.15 0.6 
-0.12 0.88 
-0.27 0.73 
-0.14 0.74 
-0.2 0.47 
-0.2 0.61 
-0.15 0.67 
-0.29 0.48 
-0.23 0.72 
-0.13 0.55 
-0.26 0.83 
-0.18 0.62 
-0.12 0.71 
-0.21 0.77 
-0.22 0.81 
-0.13 0.54 
-0.21 0.87 
-0.17 0.41 
-0.15 0.76 
-0.26 0.81 
-0.23 0.57 
-0.19 0.45 
-0.13 0.49 
-0.23 0.54 
-0.19 0.55 
-0.24 0.53 
-0.17 0.54 
-0.28 0.49 
-0.22 0.48 
-0.24 0.74 
-0.13 0.49 
-0.23 0.43 
-0.11 0.76 
-0.14 0.61 
-0.22 0.43 
-0.15 0.6 
-0.22 0.9 
-0.15 0.63 
-0.19 0.89 
-0.21 0.87 
-0.23 0.7 
-0.22 0.58 
-0.22 0.61 
-0.16 0.45 
-0.27 0.75 
-0.22 0.66 
-0.13 0.81 
-0.25 0.81 
-0.26 0.65 
-0.2 0.45 
-0.18 0.46 
-0.17 0.47 
-0.16 0.68 
-0.29 0.42 
-0.14 0.79 
-0.13 0.4 
-0.13 0.8 
-0.16 0.41 
-0.14 0.66 
-0.25 0.61 
-0.24 0.64 
-0.18 0.46 
-0.11 0.56 
-0.13 0.67 
-0.26 0.89 
-0.17 0.6 
-0.22 0.77 
-0.22 0.79 
-0.26 0.53 
-0.27 0.76 
-0.19 0.53 
-0.3 0.66 
-0.27 0.59 
-0.12 0.75 
-0.22 0.86 
-0.19 0.72 
-0.23 0.59 
-0.11 0.83 
-0.27 0.64 
-0.26 0.48 
-0.18 0.65 
-0.18 0.77 
-0.18 0.81 
-0.27 0.83 
-0.23 0.44 
-0.18 0.44 
-0.25 0.6 
-0.12 0.89 
-0.11 0.45 
-0.12 0.41 
-0.26 0.42 
-0.21 0.54 
-0.17 0.52 
-0.29 0.48 
-0.29 0.75 
-0.13 0.86 
-0.25 0.73 
-0.22 0.65 
-0.28 0.56 
-0.21 0.43 
-0.26 0.8 
-0.21 0.57 
-0.17 0.58 
-0.27 0.49 
-0.22 0.42 
-0.1 0.71 
-0.11 0.4 
-0.26 0.55 
-0.12 0.46 
-0.3 0.42 
-0.3 0.78 
-0.22 0.75 
-0.29 0.84 
-0.3 0.77 
-0.17 0.59 
-0.15 0.48 
-0.26 0.7 
-0.1 0.49 
-0.13 0.84 
-0.1 0.84 
-0.17 0.83 
