0.33 0.12 
0.11 0.64 
0.62 0.01 
0.5 0.2 
0.61 0.24 
0.25 0.02 
0.2 0.47 
0.36 -0.04 
0.76 0.12 
0.55 0.21 
0.6 0.31 
0.99 0.68 
0.36 0.16 
0.36 0.0 
0.58 0.48 
0.5 0.2 
0.21 -0.09 
0.32 -0.08 
0.5 0.21 
0.82 0.56 
0.16 0.42 
0.74 -0.06 
0.93 0.05 
0.36 -0.09 
0.79 0.31 
0.38 0.13 
0.47 0.17 
0.14 0.58 
0.5 0.19 
0.47 0.64 
0.53 0.19 
0.72 0.0 
0.82 -0.13 
0.5 0.2 
0.45 0.29 
0.52 0.2 
0.46 0.14 
0.51 0.17 
0.93 0.14 
0.18 0.53 
0.25 -0.2 
0.56 0.25 
0.37 0.36 
0.32 -0.09 
0.37 0.51 
0.8 0.18 
0.45 0.27 
0.41 0.32 
0.49 0.2 
0.42 0.2 
0.24 0.2 
0.57 0.22 
0.57 0.17 
0.77 0.48 
0.44 0.21 
0.69 0.48 
0.89 -0.22 
0.3 0.54 
0.77 0.68 
0.38 0.21 
0.48 0.29 
0.63 -0.02 
0.32 0.08 
0.76 0.49 
0.28 0.3 
0.64 0.26 
0.55 -0.03 
0.67 0.09 
0.55 0.3 
0.38 0.47 
0.49 0.19 
0.34 0.33 
0.19 0.0 
0.46 0.6 
0.49 0.19 
0.6 0.25 
0.51 0.19 
0.82 0.36 
0.39 0.32 
0.6 0.3 
0.6 0.19 
0.7 0.1 
0.21 0.02 
0.19 -0.05 
0.51 0.19 
0.41 0.11 
0.41 0.12 
0.82 -0.01 
0.48 0.28 
0.64 0.17 
0.77 0.43 
0.16 -0.05 
0.5 0.19 
0.41 0.27 
0.27 0.45 
0.46 0.26 
0.68 0.33 
0.47 -0.04 
0.23 0.3 
0.33 0.29 
0.66 0.24 
0.43 0.23 
0.53 0.21 
0.59 0.15 
0.4 0.1 
0.79 0.15 
0.29 0.39 
0.35 0.25 
0.26 0.23 
0.26 0.2 
0.72 0.55 
0.61 0.23 
0.47 0.15 
0.5 0.19 
0.4 0.4 
0.63 -0.02 
0.74 0.22 
0.56 0.08 
0.11 0.1 
0.51 0.58 
0.49 0.06 
0.57 -0.01 
0.33 -0.06 
0.48 0.22 
0.24 0.4 
0.33 0.37 
0.36 0.4 
0.48 0.23 
0.77 0.64 
0.68 0.11 
0.5 0.21 
0.73 -0.02 
0.75 0.18 
0.56 0.2 
0.48 0.22 
0.42 0.22 
0.2 0.03 
0.29 0.06 
0.35 0.32 
0.6 0.39 
0.46 0.31 
0.51 0.21 
0.7 0.31 
0.23 -0.08 
0.91 0.56 
0.74 0.49 
0.27 0.34 
0.46 0.35 
0.64 0.63 
0.34 0.36 
0.67 0.62 
0.08 0.53 
0.46 0.48 
0.57 0.14 
0.57 0.05 
0.62 0.5 
0.64 0.07 
0.01 -0.05 
0.58 0.24 
0.64 -0.01 
0.45 0.01 
0.76 0.28 
0.62 0.17 
0.63 0.11 
0.24 -0.05 
0.12 0.63 
0.14 0.22 
0.61 0.25 
0.62 0.25 
0.79 0.06 
0.44 0.5 
0.56 0.16 
0.49 0.2 
0.6 0.21 
0.51 0.19 
0.44 0.26 
0.26 0.45 
0.35 0.12 
0.73 0.32 
0.51 0.18 
0.65 0.14 
0.76 0.51 
0.41 0.06 
0.21 0.12 
0.16 0.53 
0.5 0.48 
0.64 0.37 
0.54 0.28 
0.54 0.18 
0.47 0.01 
0.49 0.25 
0.31 0.1 
0.57 0.19 
0.31 0.38 
0.48 0.39 
0.32 0.4 
0.45 0.16 
0.68 -0.04 
0.45 0.13 
0.94 -0.21 
0.24 -0.06 
0.4 0.31 
0.48 0.16 
0.46 -0.21 
0.54 -0.06 
0.6 0.03 
0.68 0.06 
0.46 0.24 
0.79 0.56 
0.89 0.2 
0.77 -0.05 
0.49 0.21 
0.59 0.34 
0.5 0.24 
0.12 -0.06 
0.56 0.13 
0.18 0.41 
0.33 0.44 
0.5 0.23 
0.5 0.11 
0.16 -0.25 
0.38 0.15 
0.5 0.17 
0.76 0.51 
0.66 0.17 
0.29 0.07 
0.69 0.41 
0.44 0.26 
0.53 0.18 
0.89 0.0 
0.48 0.19 
0.16 0.07 
0.62 -0.06 
0.41 0.43 
0.61 0.22 
0.3 0.56 
0.17 -0.22 
0.5 0.25 
0.43 -0.05 
0.44 0.33 
0.66 0.15 
0.27 0.44 
0.79 0.36 
0.7 0.1 
0.33 -0.01 
0.78 0.35 
0.46 0.23 
0.63 -0.02 
0.83 0.56 
0.89 0.3 
0.38 0.33 
0.49 0.18 
0.02 0.19 
0.56 0.17 
0.38 0.13 
0.44 0.27 
0.51 0.34 
0.47 0.19 
0.37 0.27 
0.4 -0.07 
0.58 0.24 
0.57 0.5 
0.38 0.31 
0.45 0.05 
0.5 0.2 
0.59 0.14 
0.62 -0.08 
0.66 0.0 
0.66 0.42 
0.84 -0.03 
0.59 0.27 
0.28 0.27 
0.54 0.17 
0.08 0.59 
0.21 -0.13 
0.52 0.16 
0.11 0.54 
0.5 0.19 
0.76 0.13 
0.43 0.47 
0.66 0.25 
0.51 0.17 
0.38 0.32 
0.55 0.5 
0.65 0.06 
0.33 0.27 
0.2 0.24 
0.56 0.27 
0.58 0.09 
0.64 0.26 
0.47 -0.17 
0.75 -0.08 
0.56 0.41 
0.58 0.13 
0.71 0.45 
0.38 0.3 
0.52 0.22 
0.19 -0.06 
0.68 0.49 
0.5 0.19 
0.58 -0.18 
0.52 0.18 
0.92 0.65 
0.06 -0.24 
0.2 0.02 
0.76 0.48 
0.8 -0.08 
0.65 0.24 
0.36 -0.09 
0.56 0.23 
0.09 0.64 
0.51 0.11 
0.48 0.17 
0.56 0.2 
0.74 0.54 
0.71 0.28 
0.3 0.57 
0.31 0.0 
0.73 -0.08 
0.24 0.49 
0.53 0.22 
0.37 0.17 
0.5 0.24 
0.4 0.24 
0.53 -0.23 
0.48 0.57 
0.53 0.24 
0.93 -0.13 
0.7 -0.17 
0.22 0.49 
0.51 0.43 
0.44 0.23 
0.45 0.18 
0.75 -0.19 
0.43 0.17 
0.72 0.32 
0.46 0.17 
0.56 0.42 
0.49 0.17 
0.36 0.45 
0.35 0.29 
0.85 0.34 
0.35 0.09 
0.56 0.01 
0.49 0.2 
0.71 0.4 
0.38 0.26 
0.68 0.16 
0.33 0.42 
0.48 0.2 
0.14 0.12 
0.68 0.45 
0.5 0.21 
0.66 0.25 
0.38 0.4 
0.54 0.13 
0.61 0.19 
0.85 0.52 
0.65 -0.02 
0.48 0.27 
0.71 0.08 
0.52 0.19 
0.22 0.11 
0.07 0.44 
0.5 0.2 
0.35 0.37 
0.69 -0.01 
0.07 -0.26 
0.79 -0.02 
0.64 0.05 
0.66 0.22 
0.52 0.22 
0.39 0.48 
0.79 0.35 
0.55 0.1 
0.4 0.1 
0.47 0.4 
0.32 0.38 
0.47 0.18 
0.25 0.13 
0.76 0.44 
0.61 0.3 
0.28 0.4 
0.32 0.55 
0.51 0.2 
0.11 -0.27 
0.02 0.31 
0.55 0.19 
0.62 0.22 
0.54 0.18 
0.66 0.36 
0.55 0.14 
0.55 -0.06 
0.68 0.29 
0.52 0.1 
0.47 0.22 
0.19 0.33 
0.49 0.19 
0.44 0.25 
0.57 0.26 
0.05 -0.11 
0.92 0.21 
0.52 0.16 
0.11 0.23 
0.44 0.4 
0.44 0.08 
0.47 0.16 
0.6 0.5 
0.54 0.47 
0.88 -0.14 
0.56 0.18 
0.3 0.03 
0.77 -0.01 
0.56 0.17 
0.68 0.15 
0.47 0.0 
0.75 0.4 
0.62 0.09 
0.04 -0.27 
0.43 0.16 
0.78 -0.02 
0.07 0.12 
0.59 0.41 
0.52 0.17 
0.51 0.17 
0.2 0.15 
0.47 0.17 
0.92 0.67 
0.11 0.65 
0.52 0.27 
0.52 0.2 
0.6 0.07 
0.47 0.2 
0.5 0.2 
0.62 0.05 
0.49 0.19 
0.38 0.51 
0.41 0.25 
0.29 -0.12 
0.45 0.17 
0.59 0.22 
0.84 -0.14 
0.39 0.62 
0.56 0.27 
0.03 -0.02 
0.79 0.51 
0.53 0.29 
0.31 0.56 
0.81 0.27 
0.51 0.29 
0.35 0.43 
0.45 0.3 
0.53 0.22 
0.33 0.0 
0.79 0.2 
0.53 0.09 
0.52 0.12 
0.36 0.63 
0.52 0.23 
0.7 0.17 
0.54 -0.28 
0.46 0.16 
0.45 0.26 
0.48 0.23 
0.52 0.33 
0.52 0.18 
0.84 0.0 
0.42 0.17 
0.52 0.21 
0.19 0.52 
0.21 0.4 
0.12 0.53 
0.54 0.14 
0.08 -0.22 
0.44 0.12 
0.78 0.58 
0.4 0.32 
0.51 0.24 
0.8 0.09 
0.48 0.34 
0.44 -0.17 
0.72 0.44 
0.75 0.28 
0.25 0.01 
0.49 0.2 
0.27 0.61 
0.72 0.04 
0.38 0.0 
0.58 0.19 
0.59 0.17 
0.67 0.53 
0.5 0.12 
0.48 0.58 
0.41 0.19 
0.26 0.1 
0.81 0.51 
0.59 0.29 
0.5 0.22 
0.56 0.15 
0.5 0.2 
0.84 0.57 
0.48 0.22 
0.5 0.2 
0.64 0.06 
0.04 0.64 
0.26 -0.02 
0.51 0.0 
0.52 0.17 
0.34 0.28 
0.25 -0.19 
0.99 0.7 
0.47 0.39 
0.47 0.25 
0.42 0.24 
0.79 -0.15 
0.49 0.21 
0.03 -0.14 
0.1 -0.23 
0.55 0.29 
0.65 0.0 
0.81 0.03 
0.47 0.14 
0.5 0.2 
0.58 -0.25 
0.43 0.26 
0.75 0.42 
0.23 -0.14 
0.85 0.36 
0.41 0.1 
0.61 0.27 
0.71 0.41 
0.54 0.1 
0.75 0.08 
0.83 0.33 
0.63 0.36 
0.63 0.07 
0.41 0.15 
0.57 0.13 
0.27 0.3 
0.53 0.24 
0.5 0.2 
0.57 -0.02 
0.13 -0.19 
0.56 0.11 
0.36 0.39 
0.5 0.23 
0.5 0.15 
0.49 0.24 
0.69 0.3 
0.19 0.3 
0.64 0.04 
0.46 0.2 
0.21 0.58 
0.87 0.61 
0.48 -0.08 
0.69 -0.04 
0.64 0.37 
0.95 0.66 
0.49 0.38 
0.82 -0.02 
0.53 0.21 
0.4 0.18 
0.77 0.33 
0.13 -0.02 
0.63 0.1 
0.73 0.22 
0.24 0.49 
0.41 0.32 
0.35 0.0 
0.69 -0.08 
0.49 0.2 
0.11 0.61 
0.52 0.01 
0.41 -0.21 
0.4 0.13 
0.58 0.28 
0.57 0.13 
0.64 0.3 
0.31 0.38 
0.66 0.0 
0.54 0.22 
0.47 -0.06 
0.68 -0.19 
0.52 0.15 
0.71 0.03 
0.49 0.22 
0.75 0.32 
0.53 0.1 
0.48 0.23 
0.58 0.29 
0.53 0.48 
0.21 -0.12 
0.52 0.2 
0.21 0.36 
0.28 0.42 
0.05 -0.24 
0.34 0.25 
0.54 0.27 
0.49 0.19 
0.52 0.21 
0.82 0.41 
0.99 -0.03 
0.22 0.45 
0.76 0.25 
0.43 0.19 
0.52 0.34 
0.52 0.11 
0.13 0.13 
0.5 0.2 
0.27 -0.2 
0.76 0.14 
0.83 -0.24 
0.24 0.53 
0.25 0.4 
0.65 0.04 
0.54 0.44 
0.22 0.02 
0.81 0.38 
0.55 0.18 
0.49 0.31 
0.57 0.13 
0.77 0.2 
0.54 0.28 
0.43 -0.01 
0.64 0.36 
0.83 -0.17 
0.53 0.53 
0.52 -0.03 
0.54 0.08 
0.5 0.23 
0.83 0.17 
0.77 -0.07 
0.56 0.18 
0.41 0.34 
0.46 0.12 
0.26 0.02 
0.88 -0.16 
0.89 -0.11 
0.26 0.44 
0.66 0.23 
0.67 0.47 
0.49 0.21 
0.46 0.1 
0.61 0.27 
0.12 0.42 
0.48 0.19 
0.55 0.42 
0.72 0.18 
0.54 0.04 
0.29 0.41 
0.57 0.25 
0.68 -0.05 
0.55 0.5 
0.27 -0.18 
0.73 -0.04 
0.24 -0.1 
0.73 0.13 
0.55 0.15 
0.45 0.19 
0.52 0.15 
0.6 -0.01 
0.3 0.49 
0.22 -0.02 
0.34 -0.03 
0.82 0.51 
0.55 0.0 
0.47 -0.15 
0.44 -0.09 
0.39 0.11 
0.1 0.47 
0.65 0.34 
0.48 0.19 
0.29 0.29 
0.53 0.19 
0.53 0.16 
0.53 0.06 
0.51 0.16 
0.27 0.37 
0.23 0.09 
0.62 0.04 
0.74 0.05 
0.58 0.35 
0.29 0.38 
0.55 0.16 
0.49 0.53 
0.49 0.22 
0.19 -0.11 
0.44 0.07 
0.43 0.29 
0.51 0.19 
0.74 0.06 
0.56 0.06 
0.95 -0.11 
0.36 0.13 
0.24 -0.05 
0.21 -0.18 
0.77 0.29 
0.75 0.38 
0.48 0.25 
0.59 0.45 
0.58 0.22 
0.15 0.0 
0.46 0.47 
0.95 0.23 
0.47 0.17 
0.4 0.4 
0.74 0.53 
0.47 0.1 
0.5 0.2 
0.87 -0.01 
0.91 0.62 
0.81 0.26 
0.24 0.47 
0.49 0.19 
0.51 0.25 
0.47 0.11 
0.54 0.63 
0.28 0.0 
0.55 0.2 
0.79 0.31 
0.4 0.42 
0.77 0.37 
0.59 0.24 
0.46 0.04 
0.45 0.13 
0.65 0.06 
0.53 -0.01 
0.5 0.18 
0.72 0.32 
0.52 -0.03 
0.57 0.35 
0.51 0.21 
0.37 -0.1 
0.37 -0.07 
0.42 0.68 
0.47 -0.02 
0.46 0.23 
0.3 -0.11 
0.48 0.19 
0.08 0.02 
0.4 0.47 
0.37 0.3 
0.22 0.08 
0.23 -0.14 
0.92 0.08 
0.1 -0.24 
0.19 0.2 
0.43 0.08 
0.5 0.17 
0.46 -0.02 
0.46 0.25 
0.45 0.33 
0.5 0.2 
0.37 0.59 
0.38 0.15 
0.19 0.31 
0.61 0.12 
0.61 0.06 
0.56 -0.06 
0.68 -0.06 
0.55 0.07 
0.81 -0.06 
0.38 -0.03 
0.49 0.2 
0.61 0.16 
0.5 0.05 
0.55 0.14 
0.25 0.23 
0.33 0.4 
0.69 0.07 
0.69 0.43 
0.04 -0.08 
0.65 0.31 
0.15 0.6 
0.66 0.36 
0.43 0.26 
0.46 0.45 
0.71 0.38 
0.78 0.3 
0.82 0.1 
0.08 -0.08 
0.97 0.62 
0.4 0.11 
0.49 0.17 
0.47 0.22 
0.49 0.17 
0.55 0.27 
0.29 0.27 
0.37 0.07 
0.51 0.19 
0.56 0.3 
0.24 0.13 
0.77 0.39 
0.36 0.16 
0.57 0.06 
0.19 -0.05 
0.85 0.57 
0.49 0.2 
0.51 0.18 
0.52 0.06 
0.52 0.61 
0.85 -0.22 
0.5 0.2 
0.92 0.36 
0.6 0.13 
0.37 -0.07 
0.39 0.09 
0.48 0.17 
0.43 0.16 
0.33 0.01 
0.41 -0.13 
0.69 0.37 
0.51 0.27 
0.57 0.29 
0.56 0.43 
0.53 0.09 
0.45 0.22 
0.34 0.36 
0.18 0.66 
0.39 0.29 
0.41 0.49 
0.23 0.15 
0.37 0.06 
0.68 -0.02 
0.67 0.04 
0.54 0.38 
0.33 0.15 
0.39 0.18 
0.52 0.23 
0.44 0.29 
0.52 0.2 
0.29 0.09 
0.64 0.31 
0.49 0.22 
0.6 0.11 
0.66 0.15 
0.31 0.33 
0.52 0.23 
0.45 0.15 
0.32 0.09 
0.22 0.47 
0.86 0.15 
0.92 -0.15 
0.55 -0.07 
0.79 0.27 
0.64 0.14 
0.3 0.2 
0.85 0.58 
0.31 0.0 
0.73 0.22 
0.54 0.2 
0.31 0.38 
0.52 0.19 
0.78 0.42 
0.63 -0.15 
0.38 0.04 
0.35 -0.23 
0.64 0.32 
0.21 0.49 
0.45 0.23 
0.3 0.01 
0.48 0.23 
0.76 0.46 
0.71 0.15 
0.17 -0.02 
0.62 0.11 
0.04 0.5 
0.6 0.05 
0.98 0.1 
0.52 0.16 
0.6 0.05 
0.17 -0.08 
0.62 -0.26 
0.49 0.21 
0.12 0.61 
0.6 0.41 
0.82 0.16 
0.57 0.47 
0.48 0.17 
0.66 0.23 
0.74 0.0 
0.26 0.34 
0.45 0.23 
0.44 0.25 
0.17 0.24 
0.89 -0.1 
0.48 0.21 
0.23 0.47 
0.8 -0.11 
0.08 0.45 
0.44 0.22 
0.72 -0.18 
0.49 0.18 
0.54 -0.19 
0.54 0.41 
0.42 0.3 
0.33 0.23 
0.52 0.18 
0.71 -0.26 
0.61 0.19 
0.47 0.07 
0.4 -0.09 
0.47 0.34 
0.7 0.12 
0.45 0.09 
0.44 0.19 
0.51 0.16 
0.26 0.38 
0.34 0.15 
0.45 0.15 
0.32 0.42 
0.51 0.19 
0.45 0.25 
0.53 0.16 
0.29 0.57 
0.46 0.3 
0.46 0.36 
0.87 0.01 
0.41 0.25 
0.09 0.64 
0.28 0.43 
0.48 0.23 
0.65 0.36 
0.48 0.19 
0.6 0.07 
0.36 0.15 
0.67 0.59 
0.51 0.19 
0.62 0.3 
0.57 0.27 
0.95 0.42 
0.91 0.57 
0.3 0.34 
0.42 0.22 
0.63 0.09 
0.66 0.36 
0.45 0.23 
0.59 0.11 
0.3 0.39 
0.6 0.48 
0.3 0.35 
0.5 0.2 
0.17 -0.17 
0.52 0.26 
0.27 -0.22 
0.46 0.24 
0.46 0.2 
0.36 0.12 
0.72 0.09 
0.46 0.24 
0.12 -0.12 
0.58 0.19 
0.37 0.35 
0.34 0.54 
0.55 0.33 
0.71 -0.01 
0.52 0.17 
0.5 0.14 
0.56 0.11 
0.72 0.42 
0.49 0.1 
0.46 0.48 
0.76 0.62 
0.58 0.18 
0.23 -0.06 
0.4 0.25 
0.51 0.21 
0.9 0.6 
0.45 0.05 
0.6 0.11 
0.62 -0.22 
0.72 0.31 
0.5 0.2 
0.46 0.16 
0.45 0.18 
0.71 -0.1 
0.28 -0.09 
0.58 0.06 
0.47 0.24 
0.04 0.43 
0.51 0.36 
0.34 0.25 
0.77 -0.05 
0.35 0.37 
0.58 -0.07 
0.52 0.21 
0.63 0.18 
0.44 0.18 
0.44 0.19 
0.62 -0.12 
0.48 0.17 
0.39 0.05 
0.8 0.2 
0.2 0.59 
0.39 0.06 
0.64 0.35 
0.54 0.25 
0.45 -0.22 
0.73 0.39 
