399
817
950
532
798
779
627
855
456
570
779
399
570
684
950
133
551
361
418
608
345
851
1058
598
552
1127
667
552
874
943
1012
851
1081
713
414
575
828
529
207
897
483
943
115
345
897
552
460
667
207
943
736
966
736
598
460
690
1150
828
184
437
323
527
663
748
374
714
765
595
561
289
425
510
102
476
238
340
153
561
425
629
612
459
306
493
799
561
306
170
255
170
323
850
85
850
459
833
629
323
799
731
476
578
442
221
153
425
595
187
323
204
833
408
459
136
646
799
697
765
697
561
494
221
598
247
65
78
624
286
117
637
325
390
637
637
546
117
156
429
507
442
143
143
507
65
130
91
338
481
585
65
533
585
234
78
65
494
611
234
130
156
91
624
351
520
364
494
195
156
247
286
104
260
104
546
338
104
156
624
572
260
481
130
286
442
520
598
468
91
208
91
169
429
104
650
143
91
312
169
494
585
629
442
748
578
833
425
119
136
765
527
833
136
731
629
85
272
374
442
748
595
476
748
629
323
527
850
799
221
136
272
357
510
697
527
102
629
85
374
493
748
364
429
611
78
130
507
520
247
559
286
143
234
520
273
598
156
169
338
78
338
